-6.25926259032708
-6.24934002149431
-6.23937134260239
-6.22935662424252
-6.21929593739976
-6.20918935345245
-6.19903694417031
-6.18883878171682
-6.17859493864477
-6.16830548789948
-6.15797050281389
-6.14759005711138
-6.13716422490339
-6.12669308069053
-6.11617669936021
-6.10561515618464
-6.09500852685722
-6.08435688735799
-6.07366031411451
-6.06291888404048
-6.05213267423234
-6.04130176230341
-6.03042622621419
-6.01950614430637
-6.00854159530264
-5.99753265830457
-5.98647941279331
-5.97538193862938
-5.96424031604817
-5.95305462566491
-5.94182494846732
-5.93055136582054
-5.91923395946597
-5.90787281151482
-5.89646800445595
-5.88501962114507
-5.87352774484793
-5.86199245909659
-5.85041384789769
-5.83879199555219
-5.82712698684270
-5.81541890684415
-5.80366784092854
-5.79187387494004
-5.78003709505173
-5.76815758780412
-5.75623544009791
-5.74427073919867
-5.73226357273253
-5.72021402868636
-5.70812219541208
-5.69598816161361
-5.68381201635932
-5.67159384907149
-5.65933374953315
-5.64703180788013
-5.63468811460478
-5.62230276059214
-5.60987583696773
-5.59740743528246
-5.58489764751770
-5.57234656589161
-5.55975428304693
-5.54712089186227
-5.53444648567854
-5.52173115814701
-5.50897500326274
-5.49617811536792
-5.48334058914999
-5.47046251964015
-5.45754400221091
-5.44458513257839
-5.43158600679655
-5.41854672126393
-5.40546737271454
-5.39234805822407
-5.37918887520185
-5.36598992139322
-5.35275129488245
-5.33947309412705
-5.32615541775492
-5.31279836497108
-5.29940203519015
-5.28596652807479
-5.27249194374067
-5.25897838259107
-5.24542594535626
-5.23183473309431
-5.21820484718665
-5.20453638934402
-5.19082946159459
-5.17708416629624
-5.16330060612229
-5.14947888406980
-5.13561910345568
-5.12172136791572
-5.10778578140012
-5.09381244818240
-5.07980147284321
-5.06575296028635
-5.05166701572305
-5.03754374468044
-5.02338325299578
-5.00918564685895
-4.99495103264234
-4.98067951711199
-4.96637120747088
-4.95202621097016
-4.93764463533629
-4.92322658855797
-4.90877217892952
-4.89428151504314
-4.87975470579762
-4.86519186038755
-4.85059308830591
-4.83595849934613
-4.82128820359671
-4.80658231144325
-4.79184093356498
-4.77706418093484
-4.76225216481730
-4.74740499677031
-4.73252278863802
-4.71760565260604
-4.70265370100401
-4.68766704659012
-4.67264580231543
-4.65759008155089
-4.64249999786510
-4.62737566501210
-4.61221719716556
-4.59702470873652
-4.58179831441326
-4.56653812916082
-4.55124426822440
-4.53591684711995
-4.52055598164391
-4.50516178786189
-4.48973438211268
-4.47427388100908
-4.45878040142903
-4.44325406052291
-4.42769497570984
-4.41210326467003
-4.39647904540323
-4.38082243602731
-4.36513355501696
-4.34941252120821
-4.33365945355127
-4.31787447135211
-4.30205769403758
-4.28620924142459
-4.27032923354654
-4.25441779068786
-4.23847503338881
-4.22250108244299
-4.20649605889153
-4.19046008402929
-4.17439327939969
-4.15829576679020
-4.14216766824191
-4.12600910603699
-4.10982020270015
-4.09360108100224
-4.07735186395571
-4.06107267481000
-4.04476363711190
-4.02842487443784
-4.01205651090799
-3.99565867072338
-3.97923147822117
-3.96277505812353
-3.94628953533339
-3.92977503498399
-3.91323168244116
-3.89665960329521
-3.88005892336875
-3.86342976870440
-3.84677226557402
-3.83008654047193